122211.

· , 1121211112 (olaus) 11,1,1,23’110221122(61212’21222) 1,1,22,32’

11221122121212(1222221[2122 Bi co) 1,,12,3 , -11,1,13,6.11,2,13,1
1,,,11412.1,,,234363 , ·’·- 11,2*,12“,’2.111,3,1,3
93.11,2,1,262181121213256223
32624. 11, 2 ,2ο,23,3 1123211222012221121) 1,2,10,33

, 11,2*,32·,3,.1'1,¹*22,3 5 11631212211212112111122112212102) 1,,2,163
1111131112121111 ’ 1,2,,233.111,,3,13
3,,,13111,6,1,2 Vog 11122(62212[2221212) ,2 11,2,210

⁸ , (1621222212 (Haemus) 111,6, 2,8 · ·11,2*,15.3 11,2,,23323

1131221122(1·2212·22221122) ,111,3,1,28 82222211211241221) , 1,3, 2,2
11100222221222(1222222’[2222) 11,1,11,6 1011221122(]212212222) . 1,1,2133
1111101122( franciscus 11, 2 ,13236141 1101111212(6212222122) · 111 ,5. 2 ,24
,vida (M 1622223222) ἱ3338 , (3212212222) ,1,1, 22, 9οΗ1,4,9,23
Victa (Fremiscus) Πῖιι11 ,138513 Voffiiisfflr'onfflw)  * 626466

. Ι1113211222·(1112212222 222)’ 111, 6 „53 (622122212261211222) 1,1, 28, 39

6666 66116677215 , 1.,1.2¹326.1.4‚ 223,

,Vignerins(Blastu1) . 11,2113 112186 j 263.81,14,10,6196,1,22
1112222201222211222) 1,4,,620 . 1,3,.1,23.1,3,,21.,11
16621222122(823122221212221 crtus) 1,,,1920 , , 1,1,4.11, 2*3,0,3.11,4
·,Ι,,.,6,311133,3 . ·. 2,1.11, ,,1,.,2111411

Ϊ1121121112212(222212221) , 1, 242 , &a- 1222, 7, 1⁶

Vincentius (Petrm) . l, 2,2, 26 (isaacus) , 1,1,,363.1,1,

Vinding' 1222( (Erasmus) 1‚4,5,7 . ’ 920 1,4,410136

Vincis (Pctrus de) 1,1,24,13'7 · 19312134.1,4,22,12.1,3

1112221222(1111’22) . ’ 1,1,24, 23 ’ 1,· 14 11, 2, 6, 6. 11,2,

, 1110121222(Αν212121222) , 111,6,4,4 , 33331121, 28, 6. 11, 21,
, 111,633.111,6,8,4 22,ς.111,3,1

, 8101222(1222121122221) 11 ,,, 1,4 6332212621· (32122222) 136 33

virdungus (michael) · 1,63‚3 Urbanus (Bellunmfis) . ” 1,36,3
vitalis (Hieronymus) 16614 Ursatus (Sertorius) τ - 141, 3
‚viterbienfis (Annius) ' 1,,,1633 11211022 (6223222112) 11, 443
111222(,721222222212221222·2122)1,,,6120 ’·(111121222) 1.,,13223111631
11m1131111168 (3212212122Ηή1212222) 11,1,,122

(lvdovicus) ',„112 10 162· 24 11,2 22 11,2⁴· ..404

¹ 11,,.,2222111,13,.411,,3,28 1161662612) · 111632
1165111161166666111 1,¹7‚3‚4

1112220122 (62121222 1121222221)112114311116362(112111211121112·)ΙΙΙ .111,6,5‚5
11111122 (3212212222) , 1,4,2,2· 13 ’1τ’·’. ῖ ·

 

