'·1666x·=

5161651015 1151111111) 11, 11, 9.,511, 4* ,4,99 1111111(31111111))1,,141,.107 1,1,446146, 97
1146141618, 1111341 , . Ι,4,’4,11111,1,1,1
11,*4,,.16,111,,,4*41911,4*,1111111111(111111)114*4741191

’ 1 . 17, 9.11,,,419 1111111111(Ρ1111111)111111) 1,19,49

1101110111011111111) 1,‚4,15. 11,2,1,14 1,,79Η10166140.111,1,1,5

1101144641 (Ifizacus) . ’ 11,1,,1516 111,5,1,76114

Ηο11144111(1.11111)1,1,,.7661,,,477 Hugenius (6116111111.) 1,1,44,71,11,,1
1,,,41414.,,1419,ιο.·1,,,41417 15,1611,42,.,,145114,18

. “ 11,,14,’411,,4,1116114 · ·(6111111141111111) 1,1,,.411051,,74,7
11016111113111611)··,,,114147 111 ,,7, 14 111190(Ηο1111111111) 1,4,1,9,1,,,5410
1161141111( eremias) 15410 ,9 1“4,.1014 - 1 ,,7 99

’ “ “ , 1,7,4,18 (31171111) 1,4,95

. 11011111641311111111111111911.) 11, 4 ,44 Hugues (Jacob us) ” ’ Ι, 6, 5, 57

11011016111011116111) , 11,,51,4816 Hunnius 1 111 srtcusUrtcm) 111, 6, 8,9

Honorius (1111119911) · 111, 4,157 (1111111161) -' 111‚5‚1‚36

Ι1169 1411111111111111111) 111,,41,.1,14Ι115,,149 Huffaye (Arnolotde) Ῑ, 5, 59, 43

Hoppe'rusHefachzmui) 1,1,24,313.6 111, 6,1,6 11011411611111111111111) ’ Ι, 1, 23, 43

5 Ηο16611101(31614111) 111 „5 1 ,406155 ’ ΙΙ,5*,5,5

11011116416111((31114111111) 111, 5,1, 40615 1111101111 (Elias) ffl‚5‚1‚14

Hornefflobannesde) ⁴. Il, 41475 Hyginus (C 1111111) 1, 5, 6‚5⁸ 1,,5, ¹²22

Hornejus (6111111111) 5 1111,1,6 Hypereta (Rufi 111111) 111,2, 1, ¹8

, Hoffiusfficorgtus) 1,,414,4ο.11,1,,151190114411111111141) ¹ 1,6,4‚6

Ι, 11,,44,5611111,4,1,14.111,4 ·
- 1045111515 1911161164) 1,,.,,1551115
· (Johannex'Friderims) 111,61,6 v· 1,1,17,.101, 1 ,13546
11011104(31611111111) ,“ 1,,,41111 J26s2ss1118(s⁰⁷²¹⁶l2'¹⁰) ⁴ ' 111,5,1,51

1101114641(Μ111111111) ··¹· 114274 Ι1·111111111111(31111111) '5425‘37

,1159591]411111((661167963111111441)111559
¹ 110111160711(1“11111111111) J 111, 4 ,,19 111111118161176111111111) 11, 1 ,14,50
Ηο10111111(611111111111)1,7,,99 1111111111111611111) , 111,,,5196

Hos mianus (3161111111) ο 1,4,5 ,61 (3011161111) Ῐ,1,,1011.11,1,1,41
11016114Ιί114 (1111161111) 15555 1111110441111(61111131119616) 1 ,5 55
1101011411111111111111111111) ’,1 5,,91 Imperatusffcrrantv) ’ 11 ,4,4, 5
’ (1141111111) 1,,,.,5471116,9,4 ·-· ' ” 1141901

· 655 777 6 6 3 11119111411εζ316111111111114111111111) 1,1 1,9, 51

·’ (31611111) · 111,6,7 ,10 ' 11, 4495
1161611011111116111111111111111111) Ι, 117 6 1441101140 (1111116111) 14 95

1,,,455.,,,.,211496114 1,4.,·1114·11111(ΑῘ11111111111 Ι,,63,11,1,79,4415ο
1,13.111,4,119111,,,51196114 1681616161 mdc) 11,1,19,10
156144. 111644 1061111111ῑῦ1 (summ) · Ῑ,ῐ,9,4

, “ 1011111

 

