-1112211

’(3111111113141111) 11,2”,43,2Ι 172111111101111111.) ’· ‘1 Ι,4, 1213
(0111111111) · 1,1,24,129.1,4;4,17 Ρο111111111(3111111111) Ι111,,51,29
1,5,2,9.1;6,3,6ὅι’11.ΙΙ,1,8,6 11111111161411111) , 111, 6 8 3

11,2,12,1 Forge (1111121111 dc 11) · 11, 1,15,8

Ferro (6111111111. 3111111111) 1,1,21,62 , 11,,2,17 3 1112 ,,47 6·
· . 1,,114146137 1111111111(311111111) . 111,6,11,3,
ferterus (1111111) 111 ,,2,1 14 (Valentius) 111,6,3,2
1111112121112614111) ·. 111,5,1,32 ,, ΙΙΙ, 6 ,4,4

1111141111(6’1111[1111111) 111 6,,11,1 1211122122(6’111]114111111) . Ι,1, 19, 42 ¹ ·

Fiehardusfflhmms) ’ 111,6,,37 , 1,4,13,411,1,124111,,21,12
111, 6, 6,-·1 Fosserius (mem) 111,,2,117
111111412111) Ι,1,,15 28 62111111(Μ11111111) 1, 6, 3,6
· 1,1,211181,2,5,81 1211122112(3111111) 11,1,14,51
11212114(6111,111141) 1,1,2242.1,1,11,2 1212121111 (Georgius) 11, 21, 22,6
, . 11,1,.7,1511,2,,121 ·. · ,ι » 11,4,1,12
² * 1115413111. 121111126111111111111) ’ 11,1,7,2
1114211111011111111111) - 1, 5, 2 9 . ”
Figulus (Schast) 1,6,122 1112162611 (Hieron.) Ι
1112112111(311111111)111,5,1,27 francisci (1111111111)
· 1112112212 (Petrus) ’, 1111,1,1,5 ’ ’
1122121(Μ1111111) 1,1,4,2411,’2’,·,54 Ρ11112112(1’111114)·· ..
,, 11151, 28 111211161111111111) ’ 11,21,112
1121211112(Μ111111 1111111111) 11,1,11,5 Franckius( (christophorus) 111 ,5,1, 91132
1111111111 (1111111111 dc) 111111 Francus (11111111) ,,1 · 1482?
11211151(θὶ111111) '. .,12,,786 · (61114111) Ι,1,11,13
flisco (6211111111.) 11,3,1,“2 · (1111111111) ,1,4,2,6
1121111112(Ι1111111111111) , 1,,,4417 1111142111) - 111,1,,1412
61211111110111111131111)Ι,4,14,.31,5,1,8 1121121111(Μ1191111·11111)Ἰ,4,4,8
Ι1111116112 (1111111111) 1,2,7,,64111,26·111,5,,127
ι 1,143,‚4112,15,.511,*2‚18,4 11214111(3111111111111111111)1,121114
ΙΙ,2”,’23,5,11,2*,27, 12 ,·, 11,)1,.12,1111,,,663
ff 11, 3,1, 13 1121211112111 (3111111111) 1,4,,1214
124211220111111111) 1,,174313112 ’ - ·· 1,.41341633.11,2,42,
- 11‚1·, 9,1411,,2,1ι3. 11,’,212,2 1121114121 (3111111111) ll, 2* ,432
,1·11,1,,432 112121(01111111111) 1,4,4,121,,,4811
1111111 41111111),,111,ιι.2 &¹51289 11111 41¹⁶
1211111(ΰ11111111)’ g ΙΙ,2 ,483 111,6,7,16
121112111011111111111) , ’ 11,4,,115’.(11111111) , 14118169
· (1111111111) - 11,4,1,9 1113(3111161112) 1,,2551.1,,2,6’74
‘ , (Publius) ·. ἱ 14233 ’ 1111 3316113

(liii) 3 11251119- 1

 

